1900 1465000 
1901 1498000 
1902 1532000 
1903 1565000 
1904 1599000 
1905 1638000 
1906 1675000 
1907 1709000 
1908 1744000 
1909 1781000 
1910 1815000 
1911 1832000 
1912 1844000 
1913 1862000 
1914 1878000 
1915 1881000 
1916 1884000 
1917 1872000 
1918 1709000 
1919 1810000 
1920 1845000 
1921 1858000 
1922 1861000 
1923 1885000 
1924 1923000 
1925 1947000 
1926 1976000 
1927 2013000 
1928 2056000 
1929 2103000 
1930 2151904 
1931 2173482 
1932 2187348 
1933 2201538 
1934 2221351 
1935 2243381 
1936 2260608 
1937 2270319 
1938 2277365 
1939 2282282 
1940 2301974 
1941 2321684 
1942 2362383 
1943 2400010 
1944 2416175 
1945 2445961 
1946 2440529 
1947 2401690 
1948 2392841 
1949 2379639 
1950 2391008 
1951 2384385 
1952 2313831 
1953 2304737 
1954 2273536 
1955 2186847 
1956 2111474 
1957 2087107 
1958 2190431 
1959 2166724 
1960 2174395 
1961 2246879 
1962 2281132 
1963 2321819 
1964 2460044 
1965 2608334 
1966 2955441 
1967 2788578 
1968 2747093 
1969 2711237 
1970 3716091 
1971 3459578 
1972 3481136 
1973 3487642 
1974 3635084 
1975 3742778 
1976 3852956 
1977 3964026 
1978 4059239 
1979 4129391 
1980 4238666.7
1981 4301000
1982 4304666.7
1983 4327000
1984 4320666.7
1985 4298333.3
1986 4240000
1987 4150000
1988 4016000
1989 3869000
1990 3754663.7
1991 3735011.3
1992 3797128
1993 3885665.3
1994 3861606.7
1995 3732257
1996 3571739.7
1997 3533561.3
1998 3549080
1999 3636137.7
2000 3707176
2001 3822416.7
2002 3967397
2003 4089085.7
2004 4177866
2005 4189366.7
2006 4176416.7
2007 4192741.3
2008 4208558
2009 4231026.7
2010 4249257.7
2011 4321794.3
