1969 HEGIS code	1969 HEGIS Descriptor	1954 Order	54BA	54MBA	54WBA	54MA	54MMA	54WMA	54PHD	54MPHD	54WPHD		1953 Order	53BA	53MBA	53WBA	53MA	53MMA	53WMA	53PHD	53MPHD	53WPHD		1952 Order	52BA	52MBA	52WBA	52MA	52MMA	52WMA	52PHD	52MPHD	52WPHD		1950 Order	50BA	50MBA	50WBA	50MA	50MMA	50WMA	50PHD	50MPHD	50WPHD		1949 Order	49BA	49MBA	49WBA	49MA	49MMA	49WMA	49PHD	49MPHD	49WPHD		1948 Order	48BA	48MBA	48WBA	48MA	48MMA	48WMA	48PHD	48MPHD	48WPHD	1951 Order	51BA	51MBA	51WBA	51MA	51MMA	51WMA	51PHD	51MPHD	51WPHD		1957 Order	57BA	57MBA	57WBA	57MA	57MMA	57WMA	57PHD	57MPHD	57WPHD
9800	Grand Total of All degrees	0	292880	187500	105380	56823	38147	18676	8996	8181	815		0	304857	200820	104037	61023	40989	20034	8309	7517	792		0	331924	227029	104895	63471	43537	19934	7683	6969	714		0	433734	329819	103915	58219	41237	"16,M2"	6633	5990	643			366634	264168	102466	50827	35278	15549	5293	4771	522			272144	175987	96157	42417	28907	13510	41883			0																				
1000	Agriculture (General)	1	7832	7687	145	1302	1279	23	515	508	7		1	8825	8674	151	1470	1438	32	473	468	5		1	9595	9451	144	1608	1578	30	412	402	10		1	10908	10766	142	1080	1070	10	316	312	4		1	7909	7768	141	942	919	23	232	226	6			5402	5225	177	847	829	18	167			1	9042	8924	118	1178	1150	28	330				1	5490	5340	150	953	934	19	289	279	10
1004	Animal Science	2	1203	1174	29	140	137	3	64	64	0		2	1140	1118	22	143	143		40	40	0		2	1022	1007	15	136	133	3	42	42	0		3	1697	1677	20	135	133	2	26	26	0		3	854	833	21	131	128	3	27	27	0			592	576	16	99	99	0	13			3	1393	1374	19	130	130		32				3	1374	1347	27	170	170	0	59	57	2
3800	Forestry	3	904	902	2	127	127	0	30	30	0		3	1026	1026		127	127		24	24	0		3	1219	1218	1	225	225	0	17	17	0		27	2394	2394	0	290	289	1	26	26	0		26	1543	1540	3	154	154	0	10	10	0			849	843	6	195	195	0	11			30	1730	1722	8	260	260		17				97	1129	1125	4				52	52	0
1037	"Agriculture, Other"	4	5725	5611	114	1035	1015	20	421	414	7		4	6659	6530	129	1200	1168	32	409	404	5		4	7354	7226	128	1247	1220	27	353	343	10																																													12	511	480	31				23	22	1
1700	Biological Sciences	5	9366	6754	2612	1610	1287	323	1077	977	100		5	9707	6962	2745	1891	1545	346	966	849	117		5	11196	8275	2921	2307	1908	399	764	680	84																																													16	13868	10724	3144				1103	991	112
1713	"Anatomy, Histology"	6	53	49	4	47	40	7	33	31	2		6	86	83	3	59	53	6	34	29	5		6	105	100	5	64	57	7	34	33	1		2	123	121	2	65	54	11	15	11	4		2	131	127	4	34	27	7	12	8	4			111	100	11	29	23	6	9			2	94	90	4	71	59	12	19				21	52	44	8				25	22	3
1716	"Bacteriology, Virology, Mycology, Parasitology, Microbiology"	7	439	239	200	242	180	62	131	115	16		7	527	302	225	291	243	48	116	104	12		7	566	342	224	321	259	62	92	82	10		7	870	563	307	327	247	80	74	60	14		7	780	409	371	293	202	91	64	56	8			624	227	397	174	117	57	65			7	730	504	226	349	286	63	105				22	422	206	216				148	134	14
1721	Biochemistry	8	195	173	22	105	82	23	145	129	16		8	128	114	14	120	102	18	142	125	17		8	150	129	21	175	150	25	99	92	7		8	175	160	15	144	114	30	116	99	17		8	175	146	29	123	89	34	84	76	8			270	226	44	131	97	34	65			8	198	159	39	149	121	28	113				23	107	95	12				123	104	19
1704	"Biology, General"	9	5847	4161	1686	435	336	99	147	127	20		9	5959	4237	1722	478	365	113	170	147	23		9	6960	5148	1812	570	456	114	132	109	23		9	10428	8121	2307	549	419	130	81	69	12		9	8275	6017	2258	404	299	105	103	82	21			6739	4294	2445	346	223	123	65			9	8797	6725	2072	604	477	127	140				18	5688	3942	1746				138	115	23
1707	"Botany, General"	10	293	198	95	197	162	35	171	155	16		10	290	200	90	195	157	38	147	128	19		10	346	256	90	254	199	55	101	93	8		10	494	385	109	299	234	65	126	116	10		10	424	292	132	192	128	64	78	68	10			353	179	174	169	118	51				10	410	291	119	270	206	64	147				19	282	189	93				122	108	14
1733	Entomology	11	61	57	4	83	81	2	55	55	0		11	85	70	15	95	90	5	64	62	2		11	58	55	3	110	105	5	56	56			25	127	118	9	89	85	4	52	50	2		24	74	70	4	68	64	4	36	35	1			35	27	8	91	80	11	27			28	106	101	5	113	109	4	55				25	104	101	3				72	71	1
1748	Physiology	12	98	48	50	93	74	19	85	80	5		12	95	40	55	117	98	19	97	85	12		12	116	41	75	136	118	is	63	50	13			133	72	61	147	126	21	36	30	6		55	115	65	50	95	70	25	22	19	3			174	80	94	85	72	13	32	26	6	64	152	91	61	153	129	24	75	69	6		30	91	45	46				70	65	5
1710	"Zoology, General"	13	1696	1300	396	323	258	65	221	204	17		13	1746	1320	426	441	358	83	172	149	23		13	2034	1574	460	569	480	89	154	137	17			3289	2727	562	551	435	116	125	102	23		66	2835	2249	586	436	315	121	78	69	9			2306	1499	807	358	254	104	83	61	22	79	2667	2101	566	649	516	133	123	109	14		20	1993	1566	427				174	156	18
1757	"Biological Science, Other"	15	684	529	155	85	74	11	89	81	8		15	791	596	195	95	79	16	24	20	4		15	861	630	231	108	84	24	33	28	5																																													33	263	219	44				52	49	3
2300	Education	16	56817	16885	39932	27785	15423	12362	1498	1237	261		16	61520	21026	40494	26827	15168	11659	1357	1111	246		16	62951	24599	38352	26382	15194	11188	1146	954	192																																													41	77722	23275	54447				1533	1241	292
	"Education, NA"	17	47383	9837	37546	26075	14021	12054	1388	1148	240		17	51569	13507	38062	25003	13682	11321	1219	996	223		17	52060	16157	35903	24538	13683	10855	1061	884	177																																													71	1022	303	719				58	42	16
2333	Industrial Arts Education	18	2521	2456	65	444	423	21	14	14	0		18	2507	2450	57	488	475	13	22	22	0		18	2812	2736	76	420	416	4	10	9	1																																													54	2751	2738	13				11	11	0
2301	Physical Education	19	6913	4592	2321	1266	979	287	96	75	21		19	7444	5069	2375	1336	1011	325	116	93	23		19	8079	5706	2373	1424	1095	329	75	61	14			11054	8657	2397	1406	1091	315	87	73	14		53	7842	5514	2328	1122	800	322	39	20	19			5216	3174	2042	928	671	257	18	11	7	62	10113	7654	2459	1631	1277	354	95	75	20		43	9496	6709	2787				75	62	13
2600	Engineering												20	24189	24152	37	3566	3553	13	518	517	1		20	30549	30489	60	4091	4073	18	529	526	3		17	52246	52071	175	4496	4481	15	417	416	1		16	43604	43446	158	4647	4625	22	360	357	3			31096	30905	191	4198	4189	9	257			20	41473	41386	87	4825	4815	10	520													
2602	Aerospace Engineering												21	738	734	4	210	209	1	32	32	0		21	911	900	11	231	231	0	25	25	0		18	1712	1698	14	373	372	1	23	23	0		17	1935	1908	27	342	339	3	11	11	0			1515	1500	15	354	352	2	36			21	1481	1472	9	332	331	1	26													
2614	Chemical Engineering												22	2258	2253	5	431	429	2	147	147	0		22	2857	2849	8	587	582	5	168	168	0		19	4506	4474	32	699	698	1	173	172	1		18	4206	4187	19	680	678	2	125	124	1			3661	3599	62	900	900	0	72			22	3707	3687	20	740	738	2	171													
2621	Civil Engineering												23	4396	4389	7	566	565	1	40	40	0		23	5329	5322	7	583	582	1	45	45	0		20	7781	7761	20	689	686	3	28	28	0		19	6299	6284	15	734	731	3	28	28	0			4410	4390	20	600	598	2				23	7050	7043	7	630	629	1	52													
2632	Electrical Engineering												24	4899	4892	7	880	879	1	132	131	1		24	6453	6446	7	1008	1005	3	120	117	3		21	13270	13231	39	1057	1055	2	80	80	0		20	11042	11016	26	991	987	4	65	65	0			6716	6688	28	744	742	2	29			24	9488	9477	11	1114	1114		113													
2660	Mechanical Engineering												25	5964	5959	5	667	667	0	84	84	0		25	7685	7677	8	660	656	4	72	72	0		22	14441	14414	27	784	781	3	46	46	0		21	12277	12247	30	823	819	4	41	41	0			9264	9235	29	619	619					25	10798	10783	15	913	910	3	67													
2697	"Engineering, Other"	21	22329	22264	65	4204	4189	15	594	594	0		26	5934	5925	9	812	804	8	83	83	0		26	7314	7295	19	1022	1017	5	99	99	0		23	10536	10493	43	89	84	5	67	67	0		22	7845	7804	41	1077	1071	6	90	88	2			5530	5493	37	981	978	3	66			26	8949	8924	25	1096	1093	3	91													
2901	"English, Literature, Creative Writing, Language Arts, Comparative Literature"	22	12566	4729	7837	1674	862	812	356	290	66		27	12667	4987	7680	1759	956	803	328	272	56		27	14087	5805	8282	1922	1043	879	284	237	47		24	17246	8223	9023	2259	1320	939	230	181	49		23	14926	6206	8720	1952	1069	883	157	126	31			12614	4392	8222	2015	1028	987	1118			27	15505	6829	8676	2244	1313	931	281				74	15426	6169	9257				350	273	77
3200	Fine and Applied Arts	23	15894	7522	8372	3027	1992	1035	249	217	32		28	16736	8082	8654	3379	2166	1213	207	184	23		28	18191	9031	9160	3597	2402	1195	197	164	33																																													76	11785	5470	6315				246	194	52
1400	Architecture	24	1623	1531	92	158	147	11	3	1	2		29	2045	1937	108	193	185	8	4	4	0		29	2210	2098	112	240	230	10	0	0	0		5	2563	2441	122	166	159	7	1	1	0		5	1628	1506	122	164	154	10	2	2	0			1074	943	131	156	149	7	2			5	2644	2556	88	203	189	14	2				15	1493	1433	60				3	3	0
3204	"Music, Sacred Music"	25	6239	2545	3694	1577	1034	543	73	68	5		30	6546	2665	3881	1694	1115	579	61	55	6		30	7015	3056	3959	1738	1145	593	55	51	4			7934	4069	3865	1489	942	547	34	32	2		46	6662	2920	3742	1469	934	535	30	28	2												55	7723	3740	3983	1730	1172	558	48	42	6		78	3127	1318	1809				92	78	14
3207	Speech and Dramatic Arts	26	3418	1653	1765	731	446	285	147	126	21		31	3520	1697	1823	880	488	392	121	107	14		31	3849	1845	2004	885	545	340	118	95	23			4269	2321	1948	652	396	256	43	37	6		63	3076	1330	1746	488	261	227	31	24	7			2488	826	1662	541	266	275	52	41	11	76	4284	2254	2030	828	520	308	94	79	15		79	3601	1786	1815				127	97	30
3213	"Fine and Applied Arts, Other"	27	4614	1793	2821	561	365	196	26	22	4		32	4625	1783	2842	612	378	234	21	18	3		32	5117	2032	3085	734	482	252	24	18	6																																													80	2675	1531	1144				17	15	2
3500	Foreign Language and Literature	28	3793	1473	2320	820	439	381	230	182	48		33	4068	1567	2501	836	451	385	189	149	40		33	4418	1706	2712	916	520	396	235	184	51																																													82	4322	1724	2598				215	168	47
3511	"Latin, Classical Greek"	29	571	398	173	138	73	65	46	38	8		34	562	382	180	131	76	55	24	21	3		34	683	476	207	116	72	44	32	23	9		34	671	474	197	131	72	59	28	19	9		33	517	367	150	135	69	66	19	17	2			498	295	203	130	81	49	1			39	668	474	194	145	70	75	28				84	552	394	158				27	20	7
3564	Chinese																																																																													86	3	3	0				2	2	0
3540	German	31	327	185	142	86	57	29	46	38	8		36	381	218	163	82	53	29	37	29	8		36	415	238	177	121	83	38	56	46	10		37	540	359	181	121	75	46	40	32	8		36	434	240	194	86	57	29	27	24	3			334	162	172	72	44	28	21			42	447	275	172	136	94	42	31	26	5		88	410	239	171				32	26	6
3526	Spanish	32	1210	370	840	197	95	102	39	34	5		37	1438	430	1008	240	114	126	32	25	7		37	1605	429	1176	290	145	145	43	31	12		38	2132	701	1431	375	166	209	34	26	8		37	1937	514	1423	298	137	161	17	12	5			1827	319	1508	240	89	151	15	8	7	43	2008	673	1335	380	179	201	41	30	11		94	1349	449	900				37	28	9
3580	Russian	33	68	45	23	34	22	12	5	5	0		38	54	36	18	22	14	8	1	1	0		38	43	32	11	15	10	5	10	10	0		39	36	24	12	32	18	14	7	7	0		38	26	10	16	11	7	4	0	0	0			7	3	4	5	4	1	0	0	0	44	28	15	13	17	13	4	6	5	1		93	107	72	35				10	9	1
3590	"Foreign Languages, Other"	34	349	172	177	131	71	60	37	33	4		39	431	171	260	118	70	48	46	39	7		39	287	91	196	107	69	38	44	36	8		40	308	157	151	94	66	28	34	32	2		39	448	200	248	163	115	48	30	24	6			294	132	162	174	107	67	24	19	5	45	260	137	123	114	66	48	26	24	2		95	99	61	38				3	3	0
4100	Geography	35	708	589	119	177	155	22	51	49	2		40	647	533	114	185	158	27	39	36	3		40	669	552	117	194	159	35	37	36	1		28	757	611	146	203	150	53	40	36	4		27	511	361	150	138	108	30	28	23	5			357	223	134	157	113	44				31	704	583	121	226	194	32	48				98	699	574	125				47	45	2
4400	Health Professions	36	23616	16458	7158	1552	910	642	202	190	12		41	24110	17944	6166	1829	1159	670	153	140	13		41	23663	17714	5949	1847	1120	727	152	132	20																																													99	23075	14815	8260				150	143	7
	Dentistry (DDS)	37	3102	3063	39	0	0	0	0	0	0		42	2935	2920	15	0	0	0	0	0	0		42	2918	2895	23	0	0	0	0	0	0		14	2579	2561	18	0	0	0	0	0	0		13	1765	1677	88	84	83	1	0	0	0			1689	1640	49	92	92	0	0			17	2803	2768	35								102	3038	3011	27				0	0	0
4446	Clinical Dental Sciences	38	423	248	175	106	104	2	3	3	0		43	510	401	109	96	94	2	0	0	0		43	499	401	98	95	91	4	2	2	0		13	335	282	53	89	84	5	1	1	0																							16	292	219	73	74	74		1				115	0	0	0				1	1	0
	Medicine (MD)	39	6757	6414	343	0	0	0	0	0	0		44	6686	6326	360	0	0	0	0	0	0		44	6201	5871	330	0	0	0	0	0	0			5612	5028	584	0	0	0	0	0	0		44	5176	4572	604	0	0	0	0	0	0			6867	6101	766	259	233	26	15	11	4	50	6014	5563	451								105	6785	6432	353				0	0	0
4419	"Nursing, Public Health Nursing"	40	5109	62	5047	482	18	464	2		2		45	4371	43	4328	474	6	468	3	0	3		45	4137	46	4091	478	5	473	1		1			3292	23	3269	368	5	363	2	0	2		48	3529	20	3509	246		246	2	0	2			3351	27	3324	200	0	200	0	0	0	57	3705	28	3677	388	2	386					106	5750	50	5700				0	0	0
4425	Optometry	41	706	686	20	2	2	0	1	1	0		46	882	871	11	100	98	2	0	0	0		46	844	820	24	95	95	0	0	0	0			1801	1782	19	0	0	0	0	0	0		49	2120	2087	33	0		0	0	0	0			1425	1385	40	0	0	0	0	0	0	58	1262	1244	18	34	34						108	336	335	1				1	1	0
4428	Osteopathy	42	449	439	10	4	4	0	0	0	0		47	461	451	10	2	1	1	0	0	0		47	453	441	12	5	5	0	0	0	0			346	327	19	8	7	1	0	0	0		50	154	140	14	4	4	0	1	1	0			124	115	9	2	2	0	0	0	0	59	358	343	15								109	441	432	9				0	0	0
4431	Pharmacy	43	3885	3542	343	147	139	8	75	72	3		48	4100	3696	404	127	116	11	57	52	5		48	4321	3934	387	151	138	13	51	43	8			5751	5310	441	114	92	22	48	47	1		51	4252	3759	493	91	74	17	39	38	1			2104	1655	449	77	69	8	22	21	1	60	5033	4622	411	137	121	16	29	28	1		110	3542	3181	361				63	61	2
4437	Public Health	44	185	91	94	455	354	101	29	26	3		49	220	92	128	630	486	144	28	26	2		49	327	183	144	637	468	169	26	21	5			440	227	213	523	355	168	25	18	7		58	331	65	266	445	309	136	17	16	1			298	13	285	467	324	143	74	56	18	69	254	125	129	634	461	173	21	16	5		112	191	133	58				22	19	3
4452	Clinical Veterinary Sciences	45	803	793	10	16	15	1	8	8	0		50	878	872	6	29	29	0	9	9	0		50	1005	997	8	14	13	1	7	6	1																																													117	0	0	0				18	18	0
4449	Clinical Medical Sciences	47	2197	1120	1077	340	274	66	84	80	4		52	3067	2272	795	371	329	42	56	53	3		52	2958	2126	832	372	305	67	65	60	5			3224	2495	729	432	390	42	44	39	5		43	2846	2124	722	424	385	39	22	22	0												49	3058	2283	775	327	279	48	51	47	4		116	0	0	0				38	37	1
4701	"Home Economics, General"	48	7467	81	7386	590	10	580	25	5	20		53	7517	28	7489	608	12	596	47	11	36		53	7716	64	7652	649	32	617	23	6	17		31	7976	91	7885	645	15	630	17	1	16		30	7703	67	7636	662	23	639	9	0	9			7301	97	7204	558	6	552	14			34	7903	55	7848	682	19	663	20				120	2607	13	2594				4	0	4
2904	Journalism	49	2244	1495	749	242	201	41	6	5	1		54	2535	1680	855	278	223	55	3	3	0		54	2772	1959	813	322	268	54	4	4			33	4937	3848	1089	315	271	44	3	3	0		32	4556	3335	1221	269	225	44	3	3	0			3350	2016	1334	247	197	50				38	3703	2684	1019	361	310	51	3				75	2572	1701	871				4	4	0
5000	Law	50	9298	8976	322	341	329	12	31	30	1		55	11329	10923	406	460	446	14	42	42	0		55	12558	12158	400	456	440	16	46	46			41	14312	13891	421	513	492	21	27	26	1		40	14366	13942	424	469	445	24	33	31	2			10990	10570	420	394	366	28	247	239	8	46	14338	13926	412	497	483	14	46	46			127	8832	8559	273				31	30	1
5300	Library Science	51	1596	364	1232	127	24	103	7	7	0		56	607	98	509	1035	263	772	3	2	1		56	629	85	544	1088	360	728	4	3	1		42	1057	155	902	549	226	323	5	4	1		41	1019	137	882	263	74	189	3	0	3			1611	417	1194	124	34	90	5	4	1	47	789	136	653	1172	409	763	1	1			128	1542	369	1173				9	5	4
5400	Mathematical Subjects	52	4090	2722	1368	706	579	127	227	213	14		57	4396	3122	1274	677	565	112	241	227	14		57	4721	3389	1332	802	663	139	206	195	11																																													129	5546	3826	1720				249	236	13
5920	"Military, Naval, or Air Force Science"	53	1843	1842	1	0	0	0	0	0	0		59	1666	1666	0	0	0	0	0	0	0		58	201	199	2									162	162	0	0	0	0	0	0	0														2078	1548	530	39	25	14	3	3	0	54	159	159									133	1808	1807	1				0	0	
6800	Physical Sciences	54	9880	8607	1273	2374	2197	177	1686	1625	61		60	10414	9137	1277	2711	2547	164	1714	1652	62		59	12145	10813	1332	3054	2830	224	1720	1663	57																																													137	12934	11321	1613				1674	1603	71
6804	Astronomy	55	13	11	2	19	16	3	15	13	2		61	19	15	4	10	10	0	18	16	2		60	23	16	7	22	19	3	14	12	2		6	30	26	4	22	18	4	16	15	1		6	20	15	5	10	9	1	11	9	2			21	15	6	10	7	3	13			6	27	23	4	14	12	2	10				139	17	14	3				8	8	0
6807	Chemistry	56	5791	4727	1064	1098	972	126	1013	968	45		62	5943	4870	1073	1211	1095	116	999	948	51		61	6819	5717	1102	1409	1242	167	1031	986	45		12	10619	9134	1485	1576	1368	208	953	914	39		12	9132	7429	1703	1427	1214	213	749	712	37			7429	5361	2068	1360	1145	215	5569			15	8258	7036	1222	1462	1300	162	1046				140	6591	5297	1294				1003	955	48
6819	Geology	57	1632	1553	79	412	397	15	136	130	6		63	1719	1651	68	517	509	8	133	130	3		62	2102	2026	76	486	469	17	116	116	0		29	3043	2934	109	493	477	16	113	110	3		28	1851	1740	111	385	355	30	88	83	5			1172	1037	135	318	299	19	5			32	2717	2643	74	565	543	22	123				145	2548	2459	89				129	127	2
6810	Metallurgy	58	33	33	0	31	30	1	18	18	0		64	204	204	0	126	126	0	57	57	0		63	260	260		107	107		55	54	1			476	469	7	120	119	1	46	46	0		45	357	356	1	123	120	3	51	51	0			337	335	2	102	102	0	12	12	0	51	402	400	2	129	129		47	47			141	8	8	0				13	13	0
6813	Meteorology	59	93	88	5	38	38	0	5	4	1		65	102	101	1	50	50	0	13	13	0		64	72	70	2	91	90	1	10	10	0			143	138	5	51	49	2	12	11	1														5284	1766	3518	1043	631	412	27	22	5	52	104	103	1	57	56	1	12	12			142	79	77	2				22	21	1
6816	Physics	60	1952	1877	75	714	685	29	485	479	6		66	2005	1921	84	721	686	35	478	472	6		65	2247	2141	106	886	851	35	485	476	9			3414	3287	127	922	888	34	358	353	5		54	2828	2645	183	841	798	43	266	259	7			2126	1962	164	706	663	43	198	192	6	63	2788	2671	117	973	934	39	443	435	8		143	2745	2623	122				453	439	14
6831	"Physical Sciences, Other"	62	366	318	48	62	59	3	14	13	1		68	422	375	47	76	71	5	16	16	0		67	622	583	39	53	52	1	9	9	0																																													149	10	10	0				1	1	0
6501	Philosophy	63	1845	1582	263	251	207	44	103	95	8		69	2560	2282	278	327	293	34	107	103	4		68	2421	2124	297	287	258	29	102	92	10			2835	2449	386	277	248	29	83	69	14		52	2146	1809	337	290	253	37	322	309	13			1726	1397	329	241	211	30	50	44	6	61	2654	2333	321	364	317	47	84	74	10		135	1445	1185	260				66	62	4
7100	Psychology	64	5758	3085	2673	1254	885	369	619	553	66		70	5946	3330	2616	1161	896	265	583	504	79		69	6622	3783	2839	1406	1066	340	540	467	73																																													150	6191	3525	2666				550	460	90
7400	Religion	65	7435	6393	1042	1310	962	348	226	220	6		71	7385	6300	1085	1329	883	446	222	218	4		70	7139	6017	1122	1262	861	401	191	181	10																																													151	8298	6886	1412				246	232	14
7401	"Religious Education, Bible"	66	2972	2049	923	653	347	306	57	56	1		72	2885	1984	901	741	363	378	70	67	3		71	2931	1974	957	617	262	355	59	49	10			3088	2093	995	506	260	246	64	61	3		59	2205	1312	893	455	180	275	53	50	3			3970	2990	980	1144	812	332	192	186	6	71	3016	1947	1069	610	336	274	99	89	10		152	2964	1879	1085				40	33	7
7407	Theology	67	4463	4344	119	657	615	42	169	164	5		73	4500	4316	184	588	520	68	152	151	1		72	4208	4043	165	645	599	46	132	132				3221	3010	211	597	528	69	132	130	2		64	3071	2845	226	709	631	78	143	143	0												77	3464	3329	135	646	575	71	158	157	1		154	0	0	0				133	128	5
7700	Social Sciences	69	76365	58770	17595	7182	5994	1188	1195	1095	100		75	75715	59641	16074	9978	7735	2243	1069	985	84		73	84950	67703	17247	10121	7789	2332	1049	957	92																																													157	44165	31012	13153				1098	998	100
7707	Anthropology	71	265	121	144	94	68	26	46	40	6		77	214	128	86	85	62	23	33	25	8		75	257	128	129	76	62	14	37	30	7		4	324	186	138	82	57	25	34	27	7		4	299	161	138	61	40	21	19	17	2			168	79	89	43	24	19	16			4	255	140	115	67	47	20	51				161	350	160	190				49	39	10
7713	Economics	72	6728	5938	790	609	547	62	245	233	12		78	7313	6545	768	582	521	61	222	214	8		76	8595	7520	1075	695	612	83	239	223	16		15	14573	13471	1102	921	807	114	200	191	9		14	11536	10378	1158	863	748	115	149	138	11			9002	7684	1318	922	797	125	116			18	10484	9579	905	809	738	71	236				163	6878	6214	664				236	227	9
7716	History	73	9385	6418	2967	1220	864	356	355	321	34		79	9576	6713	2863	1294	945	349	301	280	21		77	10216	7285	2931	1445	1075	370	317	291	26		30	13567	10242	3325	1801	1373	428	275	246	29		29	10491	7232	3259	1609	1163	446	212	181	31			9245	5669	3576	1566	1085	481	162			33	12321	9000	3321	1693	1308	385	325				164	11692	8161	3531				314	282	32
7719	International Relations	74	362	269	93	219	182	37	33	31	2		80	627	534	93	256	209	47	13	12	1		78	509	409	100	227	191	36	11	11	0		32	981	866	115	279	237	42	25	23	2																							37	726	643	83	264	227	37	17				165	333	234	99				29	26	3
7722	"Political Science, Government"	75	5332	4314	1018	534	455	79	153	143	10		81	5086	4112	974	509	433	76	164	152	12		79	4925	4016	909	525	449	76	147	135	12			6346	5366	980	710	597	113	127	117	10		56	6116	4979	1137	821	698	123	119	107	12			4874	3727	1147	806	671	135	99	90	9	65	5582	4698	884	657	567	90	152	143	9		166	5874	4765	1109				156	149	7
7725	Sociology	76	5702	2387	3315	440	323	117	184	156	28		82	6102	2655	3447	504	365	139	157	145	12		80	6697	2986	3711	517	386	131	141	121	20			7887	3848	4039	552	373	179	98	80	18		62	6706	2563	4143	403	270	133	83	76	7			6271	1787	4484	430	288	142	66	54	12	74	7320	3395	3925	584	422	162	129	ill	18		167	6383	2852	3531				134	118	16
2002	Accounting	78	7461	7021	440	538	518	20	13	12	1		84	7371	7068	303	557	527	30	21	21	0		82	8551	8216	335	585	557	28	7	7	0																																		12	10766	10346	420	492	468	24	9				35	10069	9667	402				14	14	0
2001	"Business and Commerce, General"	79	33483	28234	5249	2576	2311	265	105	101	4		85	33335	28363	4972	3478	3207	271	88	82	6		83	38132	32844	5288	3241	2962	279	85	81	4																																													39	14937	13877	1060				42	42	0
7740	Public Administration	80	383	351	32	323	288	35	5	5	0		86	309	282	27	256	223	33	15	13	2		84	297	274	23	307	266	41	19	16	3			273	252	21	190	166	24	14	13	1																							68	377	359	is	172	154	18	12	11	1		173	564	529	35				16	16	0	
7743	"Social Work, Social Administration, Social Welfare"	81	2163	744	1419	186	82	104	5	4	1		87	919	324	595	1804	794	1010	17	10	7		85	1075	360	715	1923	827	1096	27	24	3			1269	439	830	1747	550	1197	4	3	1		61	1017	245	772	1907	548	1359	7	5	2			1233	276	957	1740	540	1200	9	8	1	73	1037	348	689	1914	727	1187	10	4	6		174	1901	695	1206				18	7	11	
7799	"Social Sciences, Other"	83	5101	2973	2128	443	356	87	51	49	2		89	4863	2917	1946	653	449	204	38	31	7		86	5696	3665	2031	580	402	178	19	18	1																																																							
8301	"Arts, General Program"	85	6908	5018	1890	103	74	29	42	39	3		91	6874	4470	2404	319	197	122	8	7	1		87	8301	5907	2394	702	584	118	2	2	0			12285	9365	2920	1326	952	374	27	27	0		67	14234	9535	4699	1695	1183	512	220	200	20			8573	5494	3079	646	453	193	74	62	12	80	10320	7432	2888	1310	916	394	13	12	1		177	2177	1845	332				59	56	3	
8304	"Sciences, General Program"	86	4386	3638	748	95	83	12	36	32	4		92	3303	2724	579	207	175	32	4	3	1		88	4440	3700	740	269	231	38	11	11	0			6680	5604	1076	426	379	47	30	29	1		68	5973	5173	800	586	463	123	12	11	1			1513	1273	240	29	22	7	0	0	0	82	5328	4603	725	430	394	36	16	16			178	1416	1138	278				5	5	0	
XXXX	Major Not identified	87	844	566	278	97	66	31	21	18	3		93	2141	1492	649	191	160	31	36	34	2		89	1990	1506	484	189	158	31	29	27	2																																													181	289	245	44	20	18	2	0	0	0	
1724	Biophysics																																																																													24	8	7	1				25	25	0	
1002	"Agronomy, Field Crops"																																																																													2	526	525	1	224	221	3	72	71	1	
1007	Dairy Science																																																																													4	277	274	3	72	72	0	18	18	0	
1XXX	Dairy Technology																																																																													5	199	197	2	30	30	0	12	10	2	
1013	Farm Management																																																																													6	78	76	2	15	14	1	9	8	1	
1016	Food Science																																																																													7	97	90	7				7	7	0	
1019	Horticulture																																																																													8	274	266	8				40	39	1	
1022	Ornamental Horticulture																																																																													9	164	147	17				6	6	0	
1025	Poultry Science																																																																													10	148	147	1				7	6	1	
1028	Soil Science																																																																													11	127	126	1				35	35	0	
1001	"Agriculture, General"																																																																													13	1575	1527	48				0	0	0
1XXX	"Agriculture, NA"																																																																													14	140	138	2				1	0	1
1701	"Premedical, Predental, preveterinary Sciences"																																																																													17	4632	4088	544				6	6	0
1736	Genetics																																																																													26	7	7	0				29	26	3
1739	Optometry																																																																													27	206	203	3				0	0	0
1742	Pathology																																																																													28	0	0	0				5	4	1
1745	Pharmacology																																																																													29	0	0	0				39	34	5
1751	Plant Pathology																																																																													31	7	7	0				62	60	2
1754	Plant Physiology																																																																													32	6	5	1				13	12	1
2000	Business and Commerce																																		11	72137	65911	6226	4335	4006	329	58	52	6		11	61624	55232	6392	3897	3598	299	29	27	2			38371	32260	6111	2314	1961	353	41			14	47471	41974	5497	3863	3577	286	56				34	46760	42849	3911				93	93	0
2004	Hotel or Restaurant Administration																																																																													36	372	346	26				0	0	0
2007	Secretarial Studies																																																																													37	1273	35	1238				0	0	0
2056	"Business and Commerce, Other"																																																																													38	18698	17629	1069				37	37	0
2099	"Business and Commerce, Other"																																																																													40	1411	1295	116				0	0	0
2300A	Specialized Teaching Fields																																																																													42	30986	16742	14244				241	190	51
2304	Health Education																																																																													44	82	37	45				12	10	2
2307	Recreation																																																																													45	344	222	122				13	13	0
2318	Education of Exceptional Children																																																																													46	194	47	147				10	8	2
2308	Education of the Mentally Retarded																																																																													47	148	43	105				1	1	0
2311	Education of the Speech and Hearing impaired																																																																													48	501	101	400				11	8	3
2319	Agricultural Education																																																																													49	1324	1322	2				12	12	0
2322	Art Education																																																																													50	1531	541	990				11	10	1
2325	"Business Education, Commercial Education"																																																																													51	4891	1939	2952				21	13	8
2328	Distributive Education																																																																													52	57	32	25				5	5	0
2331	Home Economics Education																																																																													53	3286	2	3284				12	0	12
2336	Music Education																																																																													55	4292	1967	2325				29	25	4
2339	Trade or Industrial Education																																																																													56	641	632	9				4	4	0
2342	"Education, Other Specialized"																																																																													57	1448	410	1038				14	8	6
2300B	General Teaching Fields																																																																													58	45255	6072	39183				198	148	50
2350	"Nursery, Kindergarten Education"																																																																													59	746	12	734				1	0	1
2353	Early Childhood Education																																																																													60	2910	5	2905				1	0	1
2356	Elementary Education																																																																													61	38967	4814	34153				59	44	15
2359	Secondary Education																																																																													62	1767	939	828				78	63	15
2362	Combined Elementary and Secondary Education																																																																													63	706	269	437				5	5	0
2365	Adult Education																																																																													64	2	1	1				17	10	7
2368	General Teaching Fields																																																																													65	157	32	125				37	26	11
2300C	Non-Teaching Fields																																																																													66	194	79	115				1036	861	175
2372	Counseling and Guidance																																																																													67	190	78	112				449	385	64
2376	"Education, General"																																		16	46635	18882	27753	18311	10588	7723	861	719	142		15	37765	13347	24418	13828	7665	6163	681	562	119			29694	8393	21301	11934	6699	5235	502			19	51531	18898	32633	22209	13055	9154	933				68	0	0	0				517	425	92
2382	Other Nonteaching Fields																																																																													69	4	1	3				70	51	19
2380	Preprofessional Bachelor's Degree in Education																																																																													70	265	79	186				0	0	0
2699	"Engineering, Other"																																																																													72	31211	31130	81				596	595	1
2900	English and Journalism																																																																													73	17998	7870	10128				354	277	77
3201	"Art, General"																																		26	5707	2590	3117	525	345	180	12	6	6		25	4268	1594	2674	583	335	248	19	14	5			3656	967	2689	479	258	221				29	5606	2487	3119	710	454	256	22				77	2218	759	1459				8	4	4
3299	"Fine and Applied Arts, NA"																																																																													81	164	76	88				2	0	2
3501	Linguistics																																																																													83	25	11	14				16	15	1
3513	Modern Languages																																		35	4489	1752	2737	921	457	464	168	135	33		34	4164	1395	2769	835	441	394	116	86	30			3743	902	2841	700	342	358	86			40	0	0	0	934	488	446	143	116	27	"In 1957, a summary group"	85	3530	1223	2307				164	126	38
3520	French	30	1268	303	965	234	121	113	57	34	23		35	1202	330	872	243	124	119	49	34	15		35	1385	440	945	267	141	126	50	38	12		36	1473	511	962	299	132	167	53	38	15		35	1319	431	888	277	125	152	42	26	16			1281	286	995	209	98	111	26			41	1525	497	1028	287	136	151	39	31	8		87	1445	358	1087				50	38	12
3522	Italian																																																																													89	67	15	52				1	1	0
3576	Japanese																																																																													90	2	2	0				4	3	1
3548	"Germanic Languages, General"																																																																													91	4	4	0				8	6	2
3528	Romance Languages																																																																													92	44	20	24				17	10	7
3599	"Foreign Language and Literature, Other"																																																																													96	215	96	119				8	7	1
4401	Podiatry																																																																													100	106	102	4				0	0	0
4404	Dental Hygiene																																																																													101	169	0	169				0	0	0
4410	Hospital Administration																																																																													103	156	134	22				0	0	0
4413	Medical Technology																																																																													104	862	75	787				0	0	0
4422	Occupational Therapy																																																																													107	407	22	385				0	0	0
4434	Physical Therapy																																																																													111	457	100	357				0	0	0
4440	Radiologic Technology																																																																													113	9	2	7				0	0	0
	"Veterinary, DVM"																																			803	791	12	21	20	1	8	8	0		65	641	614	27	9	9	0	7	7	0			243	230	13	18	17	1	5	5	0	78	899	896	3	17	17		9	9			114	794	781	13				0	0	0
4455	"Health Professions, Other"																																																																													118	32	25	7				7	6	1
4700	Home Economics																																																																													119	4614	69	4545				46	14	32
4704	"Child Development,"																																																																													121	359	1	358				19	10	9
4707	"Clothing, Textiles"																																																																													122	385	1	384				2	0	2
4710	Foods and Nutrition																																																																													123	562	14	548				12	3	9
4713	Institution Management																																																																													124	181	4	177				0	0	0
4719	"Home Economics, Other"																																																																													125	349	36	313				8	1	7
	"Home Economics, NA"																																																																													126	171	0	171				1	0	1
5601	Mathematics																																			6392	4946	1446	974	784	190	160	151	9		42	5040	3513	1527	893	712	181	126	116	10			4266	2619	1647	711	563	148	128	118	10	48	5753	4311	1442	1109	929	180	184	175	9		130	5491	3783	1708				222	210	12
5607	Statistics																																																																													131	55	43	12				27	26	1
5910	Merchant Marine																																																																													132	167	167	0				0	0	
6500	"Philosophy, category"																																																																													134	2833	2526	307				85	77	8
6504	Scholastic Philosophy																																																																													136	1388	1341	47				19	15	4
6801	"Physical Sciences, General"																																																																													138	858	756	102				21	17	4
6800B	Earth Sciences																																																																													144	2626	2536	90				153	149	4
6822	Geophysics																																																																													146	22	22	0				12	11	1
6825	Oceanography																																																																													147	4	4	0				10	9	1
6828	"Earth Sciences, Other"																																																																													148	52	51	1				2	2	0
7404	Theology (leading to Ministerial)																																																																													153	4526	4467	59				0	0	0
7410	"Religion, liberal Arts"																																																																													155	707	462	245				62	60	2
7413	"Religion, Other"																																																																													156	101	78	23				11	11	0
7700A	Basic Social Sciences																																																																													158	39702	27904	11798				983	897	86
7701	"Social Sciences, General"																																			7472	5270	2202	431	261	170	49	42	7		60	5673	3701	1972	350	245	105	26	17	9			2472	1424	1048	128	81	47	0	0	0	72	7061	4722	2339	555	370	185	60	53	7		159	7472	5079	2393				18	17	1
7704	American Studies																																																																													160	401	259	142				19	13	6
7710	"Area Studies, Regional Studies"																																																																													162	187	114	73				26	24	2
7728	"Basic Social Sciences, Other"																																																																													168	132	66	66				2	2	0
7700B	Applied Social Sciences																																																																													169	4463	3108	1355				115	101	14
7731	Agricultural Economics																																																																													170	515	513	2				77	74	3
7734	Foreign Service Programs																																																																													171	184	162	22				0	0	0
7737	Industrial Relations																																																																													172	1065	1020	45				4	4	0
7746	"Applied Social Sciences, other"																																																																													175	234	189	45				0	0	0
8000	Trade or Industrial Training																																			4036	3951	85	352	346	6	5	5	0		31	2595	2490	105	315	297	18	4	4	0			1475	1404	71	236	227	9	1	1	0	35	3394	3318	76	448	440	8	10				176	1336	1331	5				0	0	0
8307	"Arts and Sciences, General Program"																																																																													179	2270	1483	787				6	3	3
8314	Fields of Study not Classifiable																																			4442	2871	1571	345	243	102	363	323	40		69	7184	4750	2434	405	268	137	15	13	2			6552	4282	2270	465	365	100	67	54	13	83	2876	2230	646	305	243	62	40	38	2		180	377	300	77				17	17	0
	Natural Sciences																																			1783	1465	318	56	39	17	10	8	2		47	1795	1433	362	128	109	19	24	23	1												56	1624	1333	291	61	53	8	20	18	2											
7101	General Psychology																																			9582	6058	3524	1316	948	368	283	241	42		57	8205	4591	3614	1455	889	566	201	167	34			6402	2808	3594	1200	677	523	154	122	32	66	7819	4836	2983	1645	1250	395	425	368	57											
7102	Clinical Psychology																																																																																						
																																																																																							
																																																																																							
																																																																																							
7300	Record Management																																																																																						
																																																																																							
8300	Broad General Curriculums and Miscellaneous fields																																																																																						
																																																																																							
																																																																																							
																																																																																							
8310	TOEFL																																																																																						
8313	Interarea Studies																																																																																						
																																																																																							
7103	Counseling and Guidance																																																																																						
7104	Social Psychology																																																																																						
7105	Rehabilitation Counselor Training																																																																												
7106	Educational Psychology																																																																												
7110	"Psychology, Other"																																																																												
6815	Pharmaceutical Chemistry																																																																												
																																																																													
1727	Cytology																																																																												
1729	Ecology																																																																												
1730	Embryology																																																																												
1738	Molecular Biology																																																																												
1737	Nutrition																																																																												
2370	Education Specialist																																																																												
2371	Educational Administration																																																																												
2309	Education of the Gifted																																																																												
2310	Education of the Deaf																																																																												
2312	Education of the Visually Handicapped																																																																												
2313	Education of the Emotionally Disturbed																																																																												
2314	Special Learning Disability																																																																												
2315	Education of the Crippled																																																																												
2316	Education of the Multiple Handicapped																																																																												
2317	Administration of Special Education																																																																												
2373	Rehabilitation Counselor Training																																																																												
2374	"History, Philosophy, or theory of Education"																																																																												
2375	"Curriculum, Instruction"																																																																												
																																																																													
2377	Educational Psychology																																																																												
2378	"Physical Education, nonteaching"																																																																												
																																																																													
																																																																													
																																																																													
																																																																													
																																																																													
																																																																													
2100	Computer Science and Systems Analysis																																																																												
2105	Data Processing																																																																												
2110	Computer Science																																																																												
2120	Systems Analysis																																																																												
2198	"Computer Science, Other"																																																																												
2199	"Computer Science, Other"																																																																												


																																																																													
																																																																													
																																																																													
																																																																													
																																																																													
																																																																													
																																																																													
2003	"Finance, Banking"																																																																												
2005	Marketing																																																																												
2006	"Real Estate, Insurance"																																																																												
2016	Transportation																																																																												
1500	City Planning																																																																												
2607	Agricultural Engineering																																																																												
2608	Architectural Engineering																																																																												
2610	Biomedical Engineering																																																																												
2612	Ceramic Engineering																																																																												
2645	Engineering Sciences																																																																												
2646	Environmental Health Engineering																																																																												
2647	General Engineering																																																																												
2649	Geological Engineering																																																																												
2653	Industrial and Management Engineering																																																																												
2670	Metallurgical and Materials Engineering																																																																												
2672	Mining Engineering																																																																												
2674	Naval Architecture and Marine Engineering																																																																												
2676	Nuclear Engineering																																																																												
2678	Petroleum Engineering																																																																												

1003	Agriculture Business																																																																												
1014	"Fish, Game, or Wildlife Management"																																																																												
1020	International Agriculture																																																																												
3300	Folklore																																																																												
3546	Other Germanic																																																																												
3560	Arabic																																																																												
3568	Hebrew																																																																												
3572	Hindi																																																																												
3524	Portugese																																																																												
3586	"Slavic, Other"																																																																												
6818	"Earth Sciences, General"																																																																												







	???? Therapy																																																								109	2	107	0	0	0	0	0	0
	???? Es																																																								231	226	5	18	15	3	0	0	0
